1 0.4315 high speed
1 0.5476 high speed
1 0.452 high speed
1 0.3948 high speed
1 0.4262 high speed
1 0.4472 high speed
1 0.4809 high speed
1 0.421 high speed
1 0.4536 high speed
1 0.5447 high speed
1 0.3389 high speed
1 0.3554 high speed
0 0.4466 high speed
1 0.4323 high speed
1 0.4332 high speed
0 0.6842 high speed
1 0.3491 high speed
0 0.4006 high speed
1 0.5086 high speed
1 0.4967 high speed
1 0.3779 high speed
1 0.3771 high speed
1 0.6149 high speed
0 0.3807 high speed
1 0.4223 high speed
1 0.5931 high speed
1 0.508 high speed
1 0.5727 high speed
1 0.4061 high speed
1 0.3581 high speed
1 0.4314 high speed
1 0.4139 high speed
1 0.4324 high speed
1 0.3729 high speed
1 0.7545 high speed
1 0.4066 high speed
1 0.4565 high speed
1 0.4961 high speed
1 0.4446 high speed
1 0.4035 high speed
1 0.5301 high speed
1 0.409 high speed
1 0.3898 high speed
1 0.3503 high speed
1 0.4094 high speed
1 0.4564 high speed
1 0.4353 high speed
1 0.4667 high speed
1 0.4778 high speed
1 0.4727 high speed
1 0.4969 high speed
1 0.5313 high speed
1 0.3974 high speed
1 0.4131 high speed
1 0.5461 high speed
1 0.3769 high speed
0 0.3936 high speed
0 0.3752 high speed
1 0.4802 high speed
1 0.4088 high speed
1 0.5043 high speed
1 0.5115 high speed
1 0.3598 high speed
1 0.4558 high speed
1 0.3613 high speed
1 0.3633 high speed
0 0.4135 high speed
1 0.3785 high speed
1 0.4381 high speed
1 0.3627 high speed
1 0.3907 high speed
1 0.4575 high speed
1 0.3406 high speed
1 0.3919 high speed
1 0.4153 high speed
1 0.4406 high speed
1 0.3448 high speed
1 0.4106 high speed
1 0.3907 high speed
1 0.505 high speed
1 0.3503 high speed
1 0.5166 high speed
1 0.5153 high speed
1 0.5183 high speed
1 0.4508 high speed
1 0.4285 high speed
1 0.3419 high speed
1 0.4559 high speed
1 0.5964 high speed
1 0.4664 high speed
1 0.4088 high speed
1 0.4878 high speed
0 0.3744 high speed
1 0.4145 high speed
1 0.385 high speed
1 0.4339 high speed
1 0.4124 high speed
1 0.497 high speed
1 0.3949 high speed
1 0.4085 high speed
1 0.3767 high speed
1 0.4049 high speed
1 0.3659 high speed
1 0.4289 high speed
1 0.448 high speed
1 0.4326 high speed
1 0.4956 high speed
1 0.4058 high speed
1 0.3636 high speed
1 0.3619 high speed
1 0.3607 high speed
1 0.5201 high speed
1 0.4449 high speed
1 0.3752 high speed
1 0.419 high speed
1 0.5399 high speed
1 0.4983 high speed
1 0.3618 high speed
1 0.3933 high speed
1 0.401 high speed
1 0.4382 high speed
1 0.68 high speed
1 0.5209 high speed
1 0.446 high speed
1 0.4016 high speed
1 0.4306 high speed
1 0.4431 high speed
1 0.4832 high speed
1 0.4483 high speed
0 0.3437 high speed
1 0.3763 high speed
1 0.4782 high speed
1 0.3793 high speed
1 0.4648 high speed
1 0.3537 high speed
0 0.4008 high speed
1 0.3844 high speed
1 0.4696 high speed
1 0.4091 high speed
1 0.3374 high speed
1 0.4289 high speed
1 0.4809 high speed
1 0.6113 high speed
1 0.4546 high speed
1 0.4485 high speed
1 0.592 high speed
1 0.4128 high speed
1 0.3334 high speed
1 0.3951 high speed
1 0.6053 high speed
1 0.3886 high speed
1 0.5191 high speed
1 0.418 high speed
1 0.416 high speed
1 0.5469 high speed
1 0.5445 high speed
1 0.5025 high speed
1 0.3987 high speed
1 0.5275 high speed
1 0.458 high speed
1 0.395 high speed
1 0.4449 high speed
1 0.3751 high speed
1 0.4032 high speed
1 0.4058 high speed
1 0.3359 high speed
1 0.4286 high speed
1 0.5733 high speed
1 0.4664 high speed
1 0.5278 high speed
0 0.5048 high speed
1 0.6431 high speed
1 0.4752 high speed
1 0.4887 high speed
1 0.4471 high speed
1 0.4067 high speed
1 0.4107 high speed
1 0.4134 high speed
1 0.5956 high speed
1 0.5439 high speed
1 0.6172 high speed
1 0.3871 high speed
1 0.5101 high speed
1 0.6005 high speed
1 0.4183 high speed
1 0.3924 high speed
1 0.5204 high speed
1 0.443 high speed
1 0.5284 high speed
1 0.4129 high speed
1 0.3775 high speed
1 0.4483 high speed
0 0.4464 high speed
1 0.4147 high speed
1 0.5617 high speed
0 0.3603 high speed
1 0.3837 high speed
1 0.4433 high speed
1 0.5038 high speed
1 0.5148 high speed
1 0.6254 high speed
1 0.4083 high speed
1 0.3584 high speed
1 0.3739 high speed
1 0.6358 high speed
1 0.5527 high speed
1 0.3541 high speed
1 0.511 high speed
1 0.496 high speed
0 0.4473 high speed
1 1.1697 high speed
1 0.4691 high speed
1 0.4478 high speed
1 0.3966 high speed
1 0.3712 high speed
1 0.8148 high speed
1 0.4392 high speed
1 0.3535 high speed
1 0.3979 high speed
1 0.4897 high speed
1 0.3439 high speed
1 0.6274 high speed
1 0.3203 high speed
1 0.4087 high speed
1 0.5012 high speed
1 0.4327 high speed
1 0.4904 high speed
1 0.3965 high speed
1 0.4512 high speed
1 0.3851 high speed
1 0.4957 high speed
1 0.4808 high speed
1 0.4644 high speed
0 0.4198 high speed
1 0.4787 high speed
1 0.4372 high speed
1 0.4516 high speed
0 0.505 high speed
1 0.4851 high speed
1 0.4394 high speed
1 0.4659 high speed
1 0.5054 high speed
1 0.4298 high speed
1 0.355 high speed
0 0.3518 high speed
1 0.4228 high speed
1 0.419 high speed
0 0.4347 high speed
0 0.4043 high speed
1 0.4168 high speed
1 0.3649 low speed
1 0.4134 low speed
0 0.3435 low speed
1 0.3711 low speed
1 0.4375 low speed
1 0.5414 low speed
0 0.525 low speed
1 0.5567 low speed
0 0.5068 low speed
0 0.4383 low speed
0 0.4618 low speed
1 0.6268 low speed
1 0.3748 low speed
0 0.4228 low speed
1 0.4635 low speed
1 0.4343 low speed
1 0.4208 low speed
1 0.3554 low speed
1 0.418 low speed
1 0.456 low speed
1 0.4247 low speed
1 0.4691 low speed
1 0.3566 low speed
1 0.3796 low speed
1 0.6431 low speed
1 0.4825 low speed
1 0.3437 low speed
1 0.4628 low speed
1 0.401 low speed
0 0.385 low speed
1 0.4355 low speed
1 0.597 low speed
1 0.3784 low speed
1 0.4316 low speed
0 0.4375 low speed
1 0.4278 low speed
1 0.3763 low speed
0 0.3957 low speed
1 0.4384 low speed
1 0.4667 low speed
1 0.3538 low speed
1 0.436 low speed
1 0.6523 low speed
1 0.4071 low speed
1 0.3975 low speed
1 0.3615 low speed
1 0.3666 low speed
1 0.5524 low speed
0 0.7321 low speed
1 0.4293 low speed
1 0.4631 low speed
1 0.4546 low speed
1 0.6321 low speed
1 0.5192 low speed
1 0.5075 low speed
1 0.4732 low speed
1 0.5432 low speed
1 0.3499 low speed
1 0.4582 low speed
1 0.5164 low speed
1 0.4102 low speed
1 0.5306 low speed
1 0.3765 low speed
0 0.4317 low speed
0 0.4792 low speed
0 0.4202 low speed
1 0.4109 low speed
1 0.6329 low speed
1 0.3443 low speed
1 0.3501 low speed
1 0.5327 low speed
1 0.4611 low speed
1 0.4958 low speed
1 0.4767 low speed
1 0.4186 low speed
1 0.705 low speed
0 0.851 low speed
1 0.3984 low speed
0 0.4418 low speed
1 0.4029 low speed
0 0.4012 low speed
1 0.3973 low speed
0 0.494 low speed
0 0.4765 low speed
1 0.4515 low speed
1 0.5116 low speed
1 0.4115 low speed
1 0.4954 low speed
1 0.4219 low speed
1 0.3642 low speed
1 0.3994 low speed
1 0.3909 low speed
1 0.449 low speed
1 0.4048 low speed
1 0.4423 low speed
1 0.7227 low speed
1 0.4649 low speed
1 0.4414 low speed
1 0.4822 low speed
1 0.3813 low speed
1 0.3808 low speed
1 0.4911 low speed
1 0.5468 low speed
1 0.4957 low speed
1 0.5308 low speed
1 0.4085 low speed
1 0.4918 low speed
1 0.42 low speed
1 0.4287 low speed
1 0.4667 low speed
1 0.3882 low speed
1 0.4211 low speed
1 0.3883 low speed
1 0.4724 low speed
1 0.398 low speed
1 0.3826 low speed
1 0.4606 low speed
1 0.375 low speed
1 0.4159 low speed
1 0.4786 low speed
0 0.4815 low speed
1 0.4204 low speed
1 0.4278 low speed
0 0.4789 low speed
1 0.4577 low speed
0 0.621 low speed
1 0.498 low speed
1 0.5357 low speed
1 0.4162 low speed
1 0.4428 low speed
1 0.5823 low speed
1 0.4801 low speed
1 0.3474 low speed
1 0.3657 low speed
1 0.4248 low speed
1 0.4657 low speed
1 0.422 low speed
1 0.3912 low speed
1 0.5266 low speed
1 0.4321 low speed
1 0.3956 low speed
1 0.4011 low speed
1 0.418 low speed
1 0.409 low speed
1 0.4214 low speed
0 0.5588 low speed
0 0.4112 low speed
1 0.5079 low speed
1 0.5959 low speed
1 0.4303 low speed
1 0.458 low speed
1 0.5932 low speed
1 0.4209 low speed
1 0.3961 low speed
1 0.4988 low speed
1 0.4995 low speed
1 0.4252 low speed
1 0.3719 low speed
1 0.5546 low speed
1 0.3735 low speed
1 0.7537 low speed
1 0.4702 low speed
0 0.5661 low speed
1 0.5201 low speed
0 0.6264 low speed
1 0.4393 low speed
1 0.4359 low speed
0 0.3975 low speed
1 0.4882 low speed
1 0.4245 low speed
1 0.4564 low speed
1 0.4061 low speed
1 0.5137 low speed
1 0.4013 low speed
1 0.3709 low speed
1 0.5351 low speed
1 0.7465 low speed
1 0.4364 low speed
1 0.5484 low speed
1 0.6406 low speed
0 0.4211 low speed
0 0.4622 low speed
1 0.436 low speed
0 0.5331 low speed
1 0.3612 low speed
1 0.6932 low speed
1 0.4316 low speed
1 0.4364 low speed
1 0.3626 low speed
0 0.4782 low speed
0 0.3521 low speed
1 0.3941 low speed
1 0.5608 low speed
1 0.5035 low speed
0 0.4469 low speed
1 0.624 low speed
1 0.4482 low speed
1 0.4466 low speed
1 0.3809 low speed
1 0.4348 low speed
1 0.4907 low speed
1 0.4733 low speed
1 0.38 low speed
1 0.5359 low speed
0 0.6133 low speed
1 0.3791 low speed
1 0.4558 low speed
1 0.4973 low speed
1 0.4772 low speed
1 0.4865 low speed
1 0.4624 low speed
0 0.42 low speed
1 0.508 low speed
1 0.3795 low speed
0 0.4657 low speed
1 0.4406 low speed
1 0.505 low speed
1 0.3832 low speed
1 0.8197 low speed
1 0.4356 low speed
1 0.4316 low speed
1 0.4078 low speed
1 0.3963 low speed
1 0.3696 low speed
0 0.4113 low speed
1 0.4657 low speed
1 0.5424 low speed
1 0.3984 low speed
1 0.4056 low speed
0 0.3873 low speed
0 0.4486 low speed
1 0.4236 low speed
1 0.541 low speed
0 0.3889 low speed
1 0.3909 low speed
1 0.3579 low speed
1 0.5351 low speed
1 0.548 low speed
0 0.6993 low speed
1 0.3957 low speed
1 0.4502 low speed
1 0.4113 low speed
1 0.4045 low speed
1 0.7801 low speed
0 0.5375 low speed
0 0.3634 low speed
1 0.4012 low speed
1 0.5125 low speed
1 0.6422 low speed
0 0.3539 low speed
1 0.5818 vlow speed
1 0.4487 vlow speed
1 0.6568 vlow speed
0 0.6422 vlow speed
1 0.4465 vlow speed
1 0.3759 vlow speed
1 0.8523 vlow speed
0 0.7007 vlow speed
1 0.6344 vlow speed
1 0.5151 vlow speed
1 0.3546 vlow speed
0 0.4362 vlow speed
1 0.3279 vlow speed
0 0.4559 vlow speed
1 0.4764 vlow speed
1 0.4231 vlow speed
1 0.6253 vlow speed
1 0.4827 vlow speed
0 0.4346 vlow speed
0 0.464 vlow speed
0 0.483 vlow speed
1 0.4681 vlow speed
0 0.3586 vlow speed
1 0.4319 vlow speed
1 0.4546 vlow speed
0 0.5537 vlow speed
1 0.8587 vlow speed
1 0.3333 vlow speed
1 0.3856 vlow speed
1 0.4596 vlow speed
1 0.3905 vlow speed
0 0.5804 vlow speed
1 0.3814 vlow speed
1 0.4927 vlow speed
1 0.4291 vlow speed
1 0.5705 vlow speed
1 0.3447 vlow speed
1 0.6115 vlow speed
1 0.4107 vlow speed
0 0.4693 vlow speed
1 0.408 vlow speed
1 0.5575 vlow speed
1 0.4853 vlow speed
1 0.5307 vlow speed
0 0.3892 vlow speed
0 0.3921 vlow speed
0 0.4519 vlow speed
0 0.3929 vlow speed
0 0.4956 vlow speed
1 0.3772 vlow speed
1 0.544 vlow speed
1 0.5746 vlow speed
1 0.4682 vlow speed
1 0.3329 vlow speed
1 0.6736 vlow speed
0 0.3665 vlow speed
1 0.4258 vlow speed
1 0.3772 vlow speed
0 0.6974 vlow speed
1 0.792 vlow speed
1 0.3994 vlow speed
1 0.4465 vlow speed
1 0.3822 vlow speed
1 0.4447 vlow speed
1 0.6781 vlow speed
1 0.4304 vlow speed
0 0.3785 vlow speed
0 0.4282 vlow speed
0 0.439 vlow speed
1 0.4519 vlow speed
1 0.4627 vlow speed
1 0.4093 vlow speed
0 0.3314 vlow speed
1 0.5158 vlow speed
0 0.765 vlow speed
1 0.5161 vlow speed
1 0.406 vlow speed
1 0.4596 vlow speed
1 0.8461 vlow speed
1 0.3701 vlow speed
1 0.3545 vlow speed
1 0.5816 vlow speed
1 0.4566 vlow speed
0 0.4649 vlow speed
0 0.4127 vlow speed
1 0.66 vlow speed
1 0.4351 vlow speed
1 0.7731 vlow speed
1 0.4216 vlow speed
1 0.377 vlow speed
1 0.4947 vlow speed
0 0.4748 vlow speed
0 0.448 vlow speed
1 0.4782 vlow speed
1 0.4559 vlow speed
0 0.3471 vlow speed
0 0.6652 vlow speed
1 0.544 vlow speed
1 0.3893 vlow speed
0 0.4491 vlow speed
1 0.4184 vlow speed
0 0.52 vlow speed
1 0.65 vlow speed
1 0.4097 vlow speed
0 0.4121 vlow speed
1 0.3245 vlow speed
1 0.4886 vlow speed
1 0.4711 vlow speed
1 0.3813 vlow speed
1 0.41 vlow speed
1 0.4323 vlow speed
1 0.4656 vlow speed
1 0.4647 vlow speed
1 0.5712 vlow speed
1 0.4916 vlow speed
1 0.3988 vlow speed
1 0.4405 vlow speed
0 0.4712 vlow speed
0 0.6241 vlow speed
1 0.4187 vlow speed
1 0.4152 vlow speed
1 0.5244 vlow speed
0 0.4126 vlow speed
0 0.4247 vlow speed
1 0.3482 vlow speed
0 0.4034 vlow speed
1 0.3759 vlow speed
1 0.4321 vlow speed
1 0.4101 vlow speed
1 0.4359 vlow speed
1 0.5394 vlow speed
1 0.3545 vlow speed
1 0.4822 vlow speed
0 0.4036 vlow speed
0 0.9744 vlow speed
0 0.4093 vlow speed
1 0.4483 vlow speed
0 0.4061 vlow speed
1 0.4839 vlow speed
1 0.4295 vlow speed
1 0.5617 vlow speed
1 0.4687 vlow speed
1 0.3914 vlow speed
1 0.5031 vlow speed
1 0.4143 vlow speed
0 0.4686 vlow speed
1 0.4086 vlow speed
1 0.5058 vlow speed
1 0.3649 vlow speed
0 0.4314 vlow speed
0 0.4607 vlow speed
0 0.4436 vlow speed
1 0.45 vlow speed
0 0.4363 vlow speed
1 0.5571 vlow speed
0 0.6436 vlow speed
1 0.4551 vlow speed
1 0.391 vlow speed
0 0.3986 vlow speed
0 0.4512 vlow speed
1 0.4437 vlow speed
0 0.551 vlow speed
1 0.4517 vlow speed
0 0.6295 vlow speed
1 0.3793 vlow speed
1 0.3867 vlow speed
0 0.573 vlow speed
1 0.5844 vlow speed
0 0.5257 vlow speed
1 0.4404 vlow speed
0 0.7598 vlow speed
0 0.5141 vlow speed
1 0.4131 vlow speed
1 0.3741 vlow speed
1 0.3942 vlow speed
0 0.7431 vlow speed
0 0.4962 vlow speed
1 0.4417 vlow speed
1 0.4544 vlow speed
1 0.51 vlow speed
0 0.529 vlow speed
1 0.3947 vlow speed
1 0.438 vlow speed
1 0.4059 vlow speed
0 0.4327 vlow speed
1 0.764 vlow speed
1 0.5793 vlow speed
1 0.5418 vlow speed
0 0.8248 vlow speed
1 0.4378 vlow speed
1 0.4863 vlow speed
1 0.5972 vlow speed
1 0.4221 vlow speed
1 0.5428 vlow speed
0 0.517 vlow speed
1 0.4222 vlow speed
0 0.6208 vlow speed
0 0.4903 vlow speed
1 0.5545 vlow speed
1 0.4782 vlow speed
0 0.4288 vlow speed
0 0.5457 vlow speed
1 0.3913 vlow speed
1 0.354 vlow speed
1 0.7544 vlow speed
1 0.36 vlow speed
0 0.5411 vlow speed
0 0.468 vlow speed
0 0.4167 vlow speed
0 0.4058 vlow speed
1 0.4318 vlow speed
1 0.4856 vlow speed
1 0.4281 vlow speed
1 0.4814 vlow speed
1 0.5303 vlow speed
0 0.4293 vlow speed
0 0.4652 vlow speed
1 0.5974 vlow speed
1 0.7179 vlow speed
1 0.5458 vlow speed
1 0.5041 vlow speed
0 0.4314 vlow speed
0 0.8266 vlow speed
1 0.5135 vlow speed
0 0.5776 vlow speed
1 0.4437 vlow speed
0 0.5818 vlow speed
1 0.5682 vlow speed
0 0.5234 vlow speed
1 0.7032 vlow speed
1 0.3622 vlow speed
0 0.4463 vlow speed
1 0.377 vlow speed
0 0.6956 vlow speed
1 0.5994 vlow speed
1 0.6681 vlow speed
0 0.3775 vlow speed
1 0.4522 vlow speed
1 0.4524 vlow speed
0 0.5567 vlow speed
1 0.3873 vlow speed
0 0.48 vlow speed
1 0.554 vlow speed
1 0.3962 vlow speed
1 0.6149 vlow speed
1 0.4538 vlow speed
1 0.6329 vlow speed
1 0.3715 vlow speed
1 0.4412 vlow speed
1 0.4418 vlow speed
1 0.3823 nonword speed
1 0.7035 nonword speed
1 0.4105 nonword speed
0 0.55 nonword speed
0 0.3675 nonword speed
1 0.4804 nonword speed
1 0.4869 nonword speed
1 0.4594 nonword speed
0 0.6251 nonword speed
1 0.8603 nonword speed
0 0.3966 nonword speed
1 0.7999 nonword speed
1 0.4245 nonword speed
1 0.4564 nonword speed
0 0.5527 nonword speed
0 0.3782 nonword speed
1 0.4928 nonword speed
0 0.4387 nonword speed
0 0.4896 nonword speed
0 0.4151 nonword speed
0 0.378 nonword speed
0 0.3714 nonword speed
1 0.3993 nonword speed
1 0.396 nonword speed
0 0.4392 nonword speed
0 0.4358 nonword speed
1 0.5825 nonword speed
0 0.4502 nonword speed
1 0.337 nonword speed
0 0.3786 nonword speed
0 0.4316 nonword speed
0 0.4515 nonword speed
0 0.3724 nonword speed
0 0.437 nonword speed
1 0.446 nonword speed
0 0.4544 nonword speed
0 0.5137 nonword speed
1 0.3739 nonword speed
0 0.4916 nonword speed
0 0.4078 nonword speed
1 0.5205 nonword speed
1 0.4456 nonword speed
0 0.424 nonword speed
1 0.8304 nonword speed
1 0.5432 nonword speed
1 0.3371 nonword speed
1 0.446 nonword speed
0 0.3554 nonword speed
0 0.5057 nonword speed
1 0.4658 nonword speed
1 0.446 nonword speed
1 0.413 nonword speed
0 0.4206 nonword speed
1 0.4813 nonword speed
1 0.4482 nonword speed
1 0.5842 nonword speed
1 0.4146 nonword speed
1 0.5168 nonword speed
0 0.3969 nonword speed
0 0.4132 nonword speed
0 0.7133 nonword speed
0 0.4082 nonword speed
1 0.4179 nonword speed
0 0.4335 nonword speed
0 0.3946 nonword speed
0 0.5842 nonword speed
1 0.4607 nonword speed
0 0.5751 nonword speed
0 0.5042 nonword speed
0 0.6448 nonword speed
0 0.3845 nonword speed
1 0.6143 nonword speed
0 0.4859 nonword speed
0 0.4767 nonword speed
1 0.4098 nonword speed
0 0.4896 nonword speed
0 0.3857 nonword speed
1 0.4273 nonword speed
1 0.9286 nonword speed
0 0.9149 nonword speed
1 0.4567 nonword speed
1 0.4061 nonword speed
0 0.4134 nonword speed
0 0.5474 nonword speed
1 0.4444 nonword speed
0 0.5586 nonword speed
1 0.4402 nonword speed
1 0.4677 nonword speed
0 0.5523 nonword speed
0 0.472 nonword speed
0 0.4982 nonword speed
1 0.4182 nonword speed
1 0.3442 nonword speed
1 0.4105 nonword speed
1 0.6941 nonword speed
0 0.3264 nonword speed
0 0.5884 nonword speed
1 0.3851 nonword speed
1 0.3825 nonword speed
1 0.4012 nonword speed
1 0.5165 nonword speed
0 0.5789 nonword speed
0 0.4663 nonword speed
0 0.4517 nonword speed
1 0.3792 nonword speed
1 0.4108 nonword speed
0 0.4404 nonword speed
1 0.5013 nonword speed
1 0.4218 nonword speed
0 0.6922 nonword speed
0 0.4321 nonword speed
0 0.3883 nonword speed
1 0.7778 nonword speed
1 0.3813 nonword speed
1 0.4117 nonword speed
0 0.4005 nonword speed
1 0.4781 nonword speed
0 0.4982 nonword speed
1 0.3746 nonword speed
0 0.4482 nonword speed
0 0.3801 nonword speed
0 0.4466 nonword speed
0 0.3931 nonword speed
1 0.5472 nonword speed
1 0.4632 nonword speed
0 0.3641 nonword speed
1 0.4724 nonword speed
0 0.5349 nonword speed
0 0.3757 nonword speed
0 0.447 nonword speed
0 0.4838 nonword speed
0 0.516 nonword speed
1 0.5632 nonword speed
1 0.4319 nonword speed
1 0.4209 nonword speed
0 0.4209 nonword speed
0 0.4572 nonword speed
0 0.5258 nonword speed
0 0.6066 nonword speed
1 0.4347 nonword speed
1 0.5405 nonword speed
0 0.557 nonword speed
1 0.4006 nonword speed
1 0.3718 nonword speed
1 0.445 nonword speed
0 0.6859 nonword speed
1 0.6555 nonword speed
0 0.4004 nonword speed
1 0.4012 nonword speed
0 0.4134 nonword speed
1 0.5389 nonword speed
0 0.4626 nonword speed
0 0.41 nonword speed
0 0.4273 nonword speed
0 0.5177 nonword speed
0 0.7869 nonword speed
1 0.4214 nonword speed
1 0.7732 nonword speed
1 0.4367 nonword speed
1 0.4523 nonword speed
1 0.4054 nonword speed
0 0.5965 nonword speed
1 0.3967 nonword speed
1 0.4777 nonword speed
1 0.6841 nonword speed
0 0.8579 nonword speed
1 0.5599 nonword speed
1 0.6584 nonword speed
0 0.4174 nonword speed
1 0.6087 nonword speed
1 0.4339 nonword speed
1 0.4805 nonword speed
1 0.3666 nonword speed
0 0.4444 nonword speed
1 0.4352 nonword speed
1 0.475 nonword speed
0 0.638 nonword speed
0 0.4022 nonword speed
0 0.4254 nonword speed
1 0.4338 nonword speed
1 0.5654 nonword speed
0 0.4912 nonword speed
0 0.3902 nonword speed
0 0.4415 nonword speed
0 0.411 nonword speed
0 0.5453 nonword speed
0 0.4062 nonword speed
1 0.4882 nonword speed
0 0.4908 nonword speed
0 0.4795 nonword speed
0 0.4222 nonword speed
0 0.4433 nonword speed
0 0.4802 nonword speed
0 0.5843 nonword speed
1 0.4444 nonword speed
1 0.3964 nonword speed
0 0.4841 nonword speed
0 0.3917 nonword speed
1 0.7179 nonword speed
1 0.5595 nonword speed
0 0.7488 nonword speed
0 0.4782 nonword speed
1 0.5683 nonword speed
0 0.5211 nonword speed
0 0.408 nonword speed
1 0.3588 nonword speed
0 0.5597 nonword speed
0 0.4133 nonword speed
1 0.4437 nonword speed
1 0.5146 nonword speed
1 0.4135 nonword speed
0 0.3746 nonword speed
1 0.6866 nonword speed
1 0.4464 nonword speed
1 0.4684 nonword speed
0 0.4308 nonword speed
1 0.5721 nonword speed
0 0.3656 nonword speed
0 0.504 nonword speed
1 0.4506 nonword speed
0 0.4347 nonword speed
0 0.4543 nonword speed
1 0.6926 nonword speed
0 0.547 nonword speed
0 0.3657 nonword speed
0 0.5327 nonword speed
1 0.371 nonword speed
1 0.5743 nonword speed
1 0.4331 nonword speed
1 0.4157 nonword speed
1 0.6217 nonword speed
0 0.4454 nonword speed
0 0.5279 nonword speed
0 0.6433 nonword speed
1 0.4454 nonword speed
1 0.516 nonword speed
0 0.6068 nonword speed
0 0.4268 nonword speed
1 0.6329 nonword speed
0 0.3531 nonword speed
0 0.4128 nonword speed
0 0.4988 nonword speed
0 0.4118 nonword speed
0 0.6209 nonword speed
1 0.5265 nonword speed
0 0.5504 nonword speed
0 0.622 nonword speed
1 0.48 nonword speed
1 0.4621 nonword speed
1 0.404 nonword speed
1 0.4981 high accuracy
1 0.4871 high accuracy
1 0.5039 high accuracy
1 0.3946 high accuracy
1 0.4132 high accuracy
1 1.0003 high accuracy
1 0.4738 high accuracy
1 0.4069 high accuracy
1 0.4503 high accuracy
1 0.619 high accuracy
1 0.4558 high accuracy
1 0.4624 high accuracy
1 0.5373 high accuracy
1 0.4742 high accuracy
1 0.5568 high accuracy
1 0.5015 high accuracy
1 0.6017 high accuracy
1 0.6666 high accuracy
1 0.4565 high accuracy
1 0.4298 high accuracy
1 0.6014 high accuracy
1 0.5335 high accuracy
1 0.7554 high accuracy
1 0.6573 high accuracy
1 0.5356 high accuracy
1 0.4694 high accuracy
1 0.7904 high accuracy
1 0.3941 high accuracy
1 0.5278 high accuracy
1 0.5983 high accuracy
1 0.5269 high accuracy
1 0.4785 high accuracy
1 0.9514 high accuracy
1 0.5643 high accuracy
1 0.5594 high accuracy
1 0.9453 high accuracy
1 0.5675 high accuracy
1 0.4456 high accuracy
1 0.5948 high accuracy
1 0.4722 high accuracy
1 0.4654 high accuracy
1 0.5875 high accuracy
1 0.4685 high accuracy
1 0.7613 high accuracy
1 0.4766 high accuracy
1 0.645 high accuracy
1 0.5236 high accuracy
1 0.473 high accuracy
1 0.5303 high accuracy
1 0.4238 high accuracy
1 0.9476 high accuracy
1 0.6493 high accuracy
1 0.5509 high accuracy
1 0.5531 high accuracy
1 0.4408 high accuracy
1 0.6408 high accuracy
1 0.4265 high accuracy
1 0.663 high accuracy
1 0.5447 high accuracy
1 0.6111 high accuracy
1 0.5022 high accuracy
1 0.753 high accuracy
1 0.4934 high accuracy
1 0.4463 high accuracy
1 0.4561 high accuracy
1 0.6543 high accuracy
1 0.4558 high accuracy
1 0.5038 high accuracy
1 0.4776 high accuracy
1 0.4532 high accuracy
1 0.4914 high accuracy
1 0.499 high accuracy
1 0.655 high accuracy
1 0.4775 high accuracy
1 0.5452 high accuracy
1 0.5008 high accuracy
1 0.4514 high accuracy
1 0.5754 high accuracy
1 0.6303 high accuracy
1 0.5783 high accuracy
1 0.7436 high accuracy
1 1.62 high accuracy
1 0.3843 high accuracy
1 0.4257 high accuracy
1 0.9152 high accuracy
1 0.4493 high accuracy
1 0.8909 high accuracy
1 0.7602 high accuracy
1 0.5236 high accuracy
1 0.4511 high accuracy
1 0.4079 high accuracy
1 0.5419 high accuracy
1 0.3679 high accuracy
1 0.489 high accuracy
1 0.593 high accuracy
1 0.6296 high accuracy
1 0.5274 high accuracy
1 0.4961 high accuracy
1 0.6733 high accuracy
1 0.4161 high accuracy
1 0.4851 high accuracy
1 0.5724 high accuracy
1 0.5281 high accuracy
1 0.6563 high accuracy
1 0.4695 high accuracy
1 0.5261 high accuracy
1 0.8385 high accuracy
1 0.3893 high accuracy
1 0.6204 high accuracy
1 0.3758 high accuracy
1 0.5392 high accuracy
1 1.21 high accuracy
1 0.5008 high accuracy
1 0.4482 high accuracy
1 0.5396 high accuracy
1 0.5017 high accuracy
1 0.407 high accuracy
1 0.4238 high accuracy
1 0.4535 high accuracy
1 1.0294 high accuracy
1 0.4155 high accuracy
1 0.7765 high accuracy
1 0.7924 high accuracy
1 0.4725 high accuracy
1 0.6288 high accuracy
1 0.6255 high accuracy
1 0.4918 high accuracy
1 0.4524 high accuracy
0 0.4408 high accuracy
1 0.5346 high accuracy
1 0.5031 high accuracy
1 0.529 high accuracy
1 0.5454 high accuracy
1 0.5297 high accuracy
1 0.5462 high accuracy
1 0.5171 high accuracy
1 0.4098 high accuracy
1 0.6719 high accuracy
1 0.4659 high accuracy
1 0.5499 high accuracy
1 0.5369 high accuracy
1 0.5382 high accuracy
1 0.4195 high accuracy
1 0.6255 high accuracy
1 0.4709 high accuracy
1 0.5307 high accuracy
1 0.4553 high accuracy
1 0.5696 high accuracy
1 0.8674 high accuracy
1 0.623 high accuracy
1 0.4762 high accuracy
1 0.6015 high accuracy
1 0.4907 high accuracy
1 0.6404 high accuracy
1 0.6727 high accuracy
1 0.7711 high accuracy
1 0.7795 high accuracy
1 0.5306 high accuracy
1 0.7633 high accuracy
1 1.372 high accuracy
1 0.5941 high accuracy
1 0.4329 high accuracy
1 0.8887 high accuracy
1 0.4981 high accuracy
1 0.6393 high accuracy
1 0.4965 high accuracy
1 0.5507 high accuracy
1 0.5033 high accuracy
1 0.5481 high accuracy
0 1.2262 high accuracy
1 0.5806 high accuracy
1 0.7153 high accuracy
1 0.4441 high accuracy
1 0.4994 high accuracy
1 0.5192 high accuracy
1 0.5923 high accuracy
1 0.4845 high accuracy
1 0.4617 high accuracy
1 0.5307 high accuracy
1 0.9553 high accuracy
1 0.563 high accuracy
1 0.5164 high accuracy
1 0.5386 high accuracy
1 0.5455 high accuracy
1 0.5456 high accuracy
1 0.6408 high accuracy
1 0.5211 high accuracy
1 0.7021 high accuracy
1 0.4396 high accuracy
1 0.5416 high accuracy
1 0.5127 high accuracy
1 0.6126 high accuracy
1 0.3962 high accuracy
1 0.5499 high accuracy
1 0.7778 high accuracy
1 0.5142 high accuracy
1 0.6846 high accuracy
1 0.613 high accuracy
1 0.8326 high accuracy
1 0.6254 high accuracy
1 0.5582 high accuracy
0 0.504 high accuracy
1 0.5908 high accuracy
1 0.5614 high accuracy
1 0.755 high accuracy
1 0.4575 high accuracy
1 0.4541 high accuracy
1 0.6076 high accuracy
1 0.4999 high accuracy
1 1.2895 high accuracy
1 0.5651 high accuracy
1 0.6904 high accuracy
1 0.7612 high accuracy
1 0.4422 high accuracy
1 0.5222 high accuracy
0 0.8397 high accuracy
1 0.5717 high accuracy
1 0.6545 high accuracy
1 0.5169 high accuracy
1 0.4859 high accuracy
1 0.5599 high accuracy
1 0.3907 high accuracy
1 0.5143 high accuracy
1 0.4357 high accuracy
1 0.5127 high accuracy
1 0.881 high accuracy
1 0.4898 high accuracy
1 0.6254 high accuracy
1 0.3997 high accuracy
1 0.4995 high accuracy
1 0.4683 high accuracy
1 0.7192 high accuracy
1 1.1208 high accuracy
1 0.6685 high accuracy
1 0.5149 high accuracy
1 0.3856 high accuracy
1 0.4474 high accuracy
1 0.7891 high accuracy
1 0.4867 high accuracy
1 0.3887 high accuracy
1 0.6589 high accuracy
1 0.4837 high accuracy
1 0.6296 high accuracy
1 0.6395 high accuracy
0 1.0232 high accuracy
1 0.579 high accuracy
1 0.543 high accuracy
1 0.5748 high accuracy
1 0.4346 high accuracy
1 0.4947 high accuracy
1 0.8858 low accuracy
1 0.8738 low accuracy
1 0.5028 low accuracy
1 0.4588 low accuracy
1 0.4585 low accuracy
1 0.4844 low accuracy
1 0.4765 low accuracy
1 0.4484 low accuracy
1 0.6153 low accuracy
0 0.7603 low accuracy
1 0.6531 low accuracy
1 1.1321 low accuracy
1 0.5383 low accuracy
0 1.6768 low accuracy
1 1.3029 low accuracy
1 0.6225 low accuracy
0 0.6414 low accuracy
0 0.9262 low accuracy
1 0.5184 low accuracy
1 0.5405 low accuracy
1 0.9282 low accuracy
0 0.7485 low accuracy
0 0.544 low accuracy
1 0.9164 low accuracy
1 0.6042 low accuracy
1 0.4367 low accuracy
1 0.4482 low accuracy
1 0.5993 low accuracy
1 1.1777 low accuracy
1 0.4248 low accuracy
1 0.5034 low accuracy
1 0.7852 low accuracy
1 0.4621 low accuracy
1 0.5071 low accuracy
1 0.7643 low accuracy
1 0.8691 low accuracy
1 0.5615 low accuracy
1 0.5079 low accuracy
1 0.5943 low accuracy
1 1.2084 low accuracy
1 0.7357 low accuracy
1 1.1886 low accuracy
1 0.4848 low accuracy
1 0.4753 low accuracy
1 0.3898 low accuracy
1 0.9417 low accuracy
1 1.5206 low accuracy
1 0.5697 low accuracy
1 0.5771 low accuracy
1 0.673 low accuracy
1 0.6299 low accuracy
0 1.4454 low accuracy
1 0.7235 low accuracy
1 0.6353 low accuracy
1 0.613 low accuracy
1 0.8826 low accuracy
1 1.1132 low accuracy
1 0.5745 low accuracy
1 0.5055 low accuracy
1 0.4218 low accuracy
0 1.4385 low accuracy
1 0.6089 low accuracy
0 1.0579 low accuracy
1 0.6888 low accuracy
1 0.439 low accuracy
0 0.6016 low accuracy
1 1.3842 low accuracy
1 0.4161 low accuracy
1 0.4731 low accuracy
1 1.4625 low accuracy
1 0.4431 low accuracy
1 0.8082 low accuracy
1 0.534 low accuracy
0 0.6123 low accuracy
1 0.8865 low accuracy
1 0.5791 low accuracy
1 0.5324 low accuracy
1 0.4894 low accuracy
1 0.8425 low accuracy
1 0.4002 low accuracy
1 0.762 low accuracy
1 0.5012 low accuracy
1 0.5702 low accuracy
1 0.8652 low accuracy
1 0.6062 low accuracy
1 0.6893 low accuracy
1 0.6134 low accuracy
1 0.68 low accuracy
1 0.6067 low accuracy
1 0.5803 low accuracy
1 0.613 low accuracy
1 1.3232 low accuracy
1 0.5006 low accuracy
1 1.0236 low accuracy
1 0.8122 low accuracy
0 0.8723 low accuracy
1 0.5814 low accuracy
1 1.0468 low accuracy
1 0.7477 low accuracy
1 0.4143 low accuracy
0 0.7493 low accuracy
1 0.419 low accuracy
1 1.0422 low accuracy
1 0.5132 low accuracy
1 0.5577 low accuracy
0 0.6739 low accuracy
1 0.4982 low accuracy
1 0.5151 low accuracy
1 1.4287 low accuracy
1 0.8204 low accuracy
1 0.5846 low accuracy
1 0.4977 low accuracy
1 0.5142 low accuracy
1 0.829 low accuracy
0 1.3109 low accuracy
1 0.4898 low accuracy
1 0.4531 low accuracy
1 0.5309 low accuracy
1 0.6041 low accuracy
1 0.602 low accuracy
0 1.1196 low accuracy
1 0.4977 low accuracy
1 0.6994 low accuracy
1 1.7946 low accuracy
1 0.5613 low accuracy
0 0.5103 low accuracy
1 0.6688 low accuracy
1 0.4491 low accuracy
1 0.627 low accuracy
1 0.4224 low accuracy
1 0.5511 low accuracy
1 0.5434 low accuracy
1 2.1823 low accuracy
1 0.5093 low accuracy
1 0.4876 low accuracy
0 0.9597 low accuracy
1 0.6003 low accuracy
1 0.427 low accuracy
1 0.5319 low accuracy
1 0.8407 low accuracy
1 0.6703 low accuracy
1 0.5208 low accuracy
1 0.4633 low accuracy
1 0.4172 low accuracy
0 0.7114 low accuracy
1 0.5467 low accuracy
1 0.4947 low accuracy
1 0.5266 low accuracy
1 0.933 low accuracy
1 0.4801 low accuracy
1 0.7021 low accuracy
1 0.6631 low accuracy
1 0.6376 low accuracy
1 0.5851 low accuracy
1 0.4862 low accuracy
0 0.5881 low accuracy
1 0.6979 low accuracy
1 0.5445 low accuracy
1 1.2183 low accuracy
1 0.6215 low accuracy
1 0.626 low accuracy
1 0.3974 low accuracy
1 0.548 low accuracy
1 0.5404 low accuracy
1 0.9988 low accuracy
1 0.4703 low accuracy
1 0.4603 low accuracy
1 0.5011 low accuracy
1 0.6997 low accuracy
1 0.4983 low accuracy
1 0.7013 low accuracy
1 1.3966 low accuracy
0 0.9445 low accuracy
1 0.6728 low accuracy
1 0.7064 low accuracy
1 0.5486 low accuracy
1 0.6384 low accuracy
1 0.4569 low accuracy
1 0.9378 low accuracy
1 0.5434 low accuracy
1 0.6511 low accuracy
1 0.5832 low accuracy
1 0.4657 low accuracy
1 0.5613 low accuracy
1 0.6062 low accuracy
1 1.4302 low accuracy
1 0.3809 low accuracy
1 0.9365 low accuracy
1 0.4088 low accuracy
1 0.6471 low accuracy
1 0.8794 low accuracy
1 0.5805 low accuracy
1 1.2055 low accuracy
1 0.5254 low accuracy
0 1.0737 low accuracy
1 0.5066 low accuracy
1 0.7263 low accuracy
1 0.5126 low accuracy
1 0.5656 low accuracy
1 0.8852 low accuracy
1 0.6865 low accuracy
1 0.6104 low accuracy
1 1.0272 low accuracy
1 0.5868 low accuracy
1 0.4482 low accuracy
1 0.4663 low accuracy
1 0.6797 low accuracy
1 0.7075 low accuracy
1 0.8898 low accuracy
1 0.6804 low accuracy
0 1.5156 low accuracy
1 0.5584 low accuracy
1 0.4466 low accuracy
1 0.5476 low accuracy
1 0.4841 low accuracy
1 0.6615 low accuracy
1 0.4809 low accuracy
1 0.8068 low accuracy
1 0.5307 low accuracy
1 2.1739 low accuracy
1 0.8061 low accuracy
1 0.6101 low accuracy
1 0.706 low accuracy
1 0.5174 low accuracy
1 0.4249 low accuracy
1 0.5746 low accuracy
1 0.5218 low accuracy
1 0.5424 low accuracy
1 1.2126 low accuracy
1 0.589 low accuracy
1 0.6287 low accuracy
1 0.4678 low accuracy
1 0.5231 low accuracy
1 0.5374 low accuracy
0 0.437 low accuracy
1 0.4573 low accuracy
1 0.4973 low accuracy
0 0.8847 low accuracy
1 0.6177 low accuracy
1 0.4295 low accuracy
1 0.6763 low accuracy
1 0.7308 low accuracy
1 0.9196 low accuracy
1 0.6003 low accuracy
1 1.0553 low accuracy
1 0.6249 low accuracy
1 0.5778 low accuracy
1 0.5472 low accuracy
1 0.655 low accuracy
1 0.5198 low accuracy
1 0.6046 vlow accuracy
1 0.8274 vlow accuracy
0 1.1377 vlow accuracy
1 0.8582 vlow accuracy
1 1.025 vlow accuracy
1 0.6182 vlow accuracy
0 0.7643 vlow accuracy
1 0.4252 vlow accuracy
1 0.4867 vlow accuracy
1 0.7918 vlow accuracy
1 0.5856 vlow accuracy
0 1.0052 vlow accuracy
1 1.6896 vlow accuracy
1 2.2904 vlow accuracy
1 0.7648 vlow accuracy
1 0.5498 vlow accuracy
0 0.4972 vlow accuracy
1 0.6174 vlow accuracy
1 1.1808 vlow accuracy
1 0.6289 vlow accuracy
1 0.4927 vlow accuracy
1 0.5485 vlow accuracy
1 0.6181 vlow accuracy
0 0.64 vlow accuracy
1 0.5527 vlow accuracy
1 1.612 vlow accuracy
0 0.6815 vlow accuracy
1 0.4456 vlow accuracy
1 0.8297 vlow accuracy
0 1.0165 vlow accuracy
1 0.4801 vlow accuracy
1 0.6174 vlow accuracy
1 1.0861 vlow accuracy
1 0.6849 vlow accuracy
0 0.8286 vlow accuracy
0 0.6711 vlow accuracy
1 0.6465 vlow accuracy
1 0.5221 vlow accuracy
0 0.893 vlow accuracy
1 0.5693 vlow accuracy
1 0.5466 vlow accuracy
1 1.1714 vlow accuracy
0 0.5266 vlow accuracy
0 1.009 vlow accuracy
1 0.7091 vlow accuracy
0 0.6363 vlow accuracy
0 0.6152 vlow accuracy
1 0.9439 vlow accuracy
1 0.9284 vlow accuracy
1 0.6426 vlow accuracy
1 0.6543 vlow accuracy
1 0.7337 vlow accuracy
1 1.7237 vlow accuracy
1 0.6272 vlow accuracy
1 0.7028 vlow accuracy
1 0.6916 vlow accuracy
1 0.4912 vlow accuracy
0 1.3313 vlow accuracy
1 1.5457 vlow accuracy
0 1.0019 vlow accuracy
1 0.687 vlow accuracy
1 1.2606 vlow accuracy
0 0.4814 vlow accuracy
0 0.7042 vlow accuracy
1 0.5345 vlow accuracy
1 0.5631 vlow accuracy
1 0.7855 vlow accuracy
0 0.5087 vlow accuracy
1 0.9812 vlow accuracy
0 0.9154 vlow accuracy
1 0.7106 vlow accuracy
1 0.4069 vlow accuracy
1 0.5345 vlow accuracy
1 0.6294 vlow accuracy
0 3.5521 vlow accuracy
1 1.2404 vlow accuracy
1 0.6377 vlow accuracy
1 0.6252 vlow accuracy
0 0.9512 vlow accuracy
1 0.9981 vlow accuracy
1 1.719 vlow accuracy
1 0.8922 vlow accuracy
1 0.5259 vlow accuracy
0 0.5292 vlow accuracy
1 0.925 vlow accuracy
0 0.8839 vlow accuracy
1 0.5703 vlow accuracy
1 0.5351 vlow accuracy
1 0.6671 vlow accuracy
1 0.4111 vlow accuracy
0 0.5264 vlow accuracy
1 0.5559 vlow accuracy
1 0.5789 vlow accuracy
1 0.865 vlow accuracy
1 0.7909 vlow accuracy
1 0.5536 vlow accuracy
1 0.7207 vlow accuracy
1 2.8317 vlow accuracy
1 0.5568 vlow accuracy
1 0.3873 vlow accuracy
1 0.6055 vlow accuracy
1 0.5499 vlow accuracy
1 0.5456 vlow accuracy
1 0.9516 vlow accuracy
0 1.256 vlow accuracy
1 0.3725 vlow accuracy
1 0.8132 vlow accuracy
1 0.6398 vlow accuracy
1 0.5195 vlow accuracy
1 0.7536 vlow accuracy
1 0.4871 vlow accuracy
0 2.0592 vlow accuracy
1 0.5667 vlow accuracy
0 0.9415 vlow accuracy
1 0.6142 vlow accuracy
1 0.7395 vlow accuracy
1 1.0373 vlow accuracy
1 0.5464 vlow accuracy
0 0.8717 vlow accuracy
1 0.8967 vlow accuracy
1 0.4566 vlow accuracy
0 0.9098 vlow accuracy
1 0.5776 vlow accuracy
0 0.7328 vlow accuracy
0 0.6069 vlow accuracy
1 1.8917 vlow accuracy
0 0.5745 vlow accuracy
1 0.4599 vlow accuracy
1 0.5376 vlow accuracy
1 0.5477 vlow accuracy
1 2.1505 vlow accuracy
1 0.7967 vlow accuracy
1 0.5141 vlow accuracy
1 0.7261 vlow accuracy
1 0.7149 vlow accuracy
1 0.6611 vlow accuracy
1 1.0915 vlow accuracy
1 0.7601 vlow accuracy
1 0.7901 vlow accuracy
1 0.4426 vlow accuracy
1 0.7128 vlow accuracy
1 0.5009 vlow accuracy
0 0.6282 vlow accuracy
0 0.6897 vlow accuracy
1 1.2215 vlow accuracy
1 1.1391 vlow accuracy
1 0.8453 vlow accuracy
1 2.124 vlow accuracy
1 0.7242 vlow accuracy
0 0.5839 vlow accuracy
1 0.5959 vlow accuracy
1 0.5066 vlow accuracy
1 0.3761 vlow accuracy
1 0.627 vlow accuracy
0 0.9643 vlow accuracy
0 1.0591 vlow accuracy
1 2.0537 vlow accuracy
1 0.9703 vlow accuracy
1 0.9499 vlow accuracy
1 0.6316 vlow accuracy
1 0.6365 vlow accuracy
0 2.4817 vlow accuracy
1 0.537 vlow accuracy
1 0.6152 vlow accuracy
1 0.8405 vlow accuracy
1 1.2818 vlow accuracy
0 0.5758 vlow accuracy
0 0.7438 vlow accuracy
1 0.826 vlow accuracy
1 0.7865 vlow accuracy
1 0.435 vlow accuracy
0 0.3952 vlow accuracy
1 0.5779 vlow accuracy
1 0.5487 vlow accuracy
0 0.627 vlow accuracy
0 0.6169 vlow accuracy
1 1.2214 vlow accuracy
1 0.5079 vlow accuracy
1 0.632 vlow accuracy
0 1.407 vlow accuracy
1 0.7012 vlow accuracy
0 0.8598 vlow accuracy
1 1.2137 vlow accuracy
0 0.7052 vlow accuracy
1 0.5033 vlow accuracy
1 0.5776 vlow accuracy
1 0.9323 vlow accuracy
0 0.8887 vlow accuracy
1 0.5684 vlow accuracy
1 0.7619 vlow accuracy
1 1.2832 vlow accuracy
0 0.4175 vlow accuracy
1 1.1424 vlow accuracy
1 0.6617 vlow accuracy
1 1.9561 vlow accuracy
1 1.2148 vlow accuracy
1 0.4572 vlow accuracy
0 1.0591 vlow accuracy
1 0.84 vlow accuracy
0 0.5315 vlow accuracy
1 1.079 vlow accuracy
1 0.9541 vlow accuracy
1 0.5144 vlow accuracy
1 1.0608 vlow accuracy
1 1.3824 vlow accuracy
1 0.5121 vlow accuracy
0 0.7424 vlow accuracy
1 0.6921 vlow accuracy
1 0.83 vlow accuracy
0 0.5799 vlow accuracy
1 0.5154 vlow accuracy
0 0.4897 vlow accuracy
1 1.4461 vlow accuracy
1 0.4998 vlow accuracy
0 0.6833 vlow accuracy
1 0.859 vlow accuracy
0 0.8969 vlow accuracy
1 1.0385 vlow accuracy
1 1.1658 vlow accuracy
0 0.9806 vlow accuracy
1 0.5666 vlow accuracy
1 1.4243 vlow accuracy
1 1.2656 vlow accuracy
1 1.2004 vlow accuracy
1 1.1816 vlow accuracy
1 1.1039 vlow accuracy
1 0.838 vlow accuracy
1 0.6318 vlow accuracy
0 0.5173 vlow accuracy
1 0.8109 vlow accuracy
1 0.7003 vlow accuracy
1 1.0647 vlow accuracy
0 1.3469 vlow accuracy
1 0.4441 vlow accuracy
1 0.8814 vlow accuracy
1 0.7141 vlow accuracy
1 0.7195 vlow accuracy
1 0.7269 vlow accuracy
1 0.4686 vlow accuracy
0 1.6341 vlow accuracy
0 1.1154 vlow accuracy
0 0.4215 vlow accuracy
1 0.6506 vlow accuracy
0 0.4426 vlow accuracy
1 0.6771 vlow accuracy
0 0.4967 vlow accuracy
1 0.8177 vlow accuracy
0 0.6665 vlow accuracy
1 1.328 vlow accuracy
0 0.5639 vlow accuracy
1 0.7768 nonword accuracy
1 0.4054 nonword accuracy
1 0.4842 nonword accuracy
0 0.9921 nonword accuracy
0 1.0259 nonword accuracy
0 0.6141 nonword accuracy
0 0.9786 nonword accuracy
1 0.5354 nonword accuracy
1 0.5372 nonword accuracy
1 0.6393 nonword accuracy
0 0.4725 nonword accuracy
0 0.4639 nonword accuracy
1 0.5309 nonword accuracy
0 1.3113 nonword accuracy
0 0.6079 nonword accuracy
1 0.4472 nonword accuracy
1 0.7025 nonword accuracy
0 0.4399 nonword accuracy
0 0.8203 nonword accuracy
0 0.5523 nonword accuracy
0 0.7217 nonword accuracy
0 0.6369 nonword accuracy
1 0.8969 nonword accuracy
0 0.745 nonword accuracy
1 0.7642 nonword accuracy
1 0.5665 nonword accuracy
1 1.3972 nonword accuracy
0 1.0532 nonword accuracy
0 1.0987 nonword accuracy
1 0.9677 nonword accuracy
0 0.7265 nonword accuracy
1 0.9016 nonword accuracy
1 0.7605 nonword accuracy
1 2.4871 nonword accuracy
0 0.4565 nonword accuracy
1 2.3472 nonword accuracy
0 0.6541 nonword accuracy
1 0.4106 nonword accuracy
0 0.529 nonword accuracy
0 0.521 nonword accuracy
0 0.5373 nonword accuracy
1 0.9669 nonword accuracy
1 1.1188 nonword accuracy
1 0.7067 nonword accuracy
1 0.9256 nonword accuracy
1 0.6921 nonword accuracy
1 0.7918 nonword accuracy
0 0.5426 nonword accuracy
0 0.425 nonword accuracy
0 0.8805 nonword accuracy
1 0.468 nonword accuracy
1 0.7884 nonword accuracy
0 0.7248 nonword accuracy
1 0.8803 nonword accuracy
0 0.5095 nonword accuracy
0 0.5645 nonword accuracy
1 0.4834 nonword accuracy
0 0.4823 nonword accuracy
1 0.702 nonword accuracy
0 0.8208 nonword accuracy
1 0.8018 nonword accuracy
0 0.4545 nonword accuracy
1 0.6654 nonword accuracy
0 0.3681 nonword accuracy
1 0.7848 nonword accuracy
0 1.4497 nonword accuracy
1 1.0351 nonword accuracy
0 0.5416 nonword accuracy
1 0.4508 nonword accuracy
0 0.7003 nonword accuracy
1 1.8324 nonword accuracy
1 0.5587 nonword accuracy
0 0.5542 nonword accuracy
1 1.0238 nonword accuracy
1 0.6519 nonword accuracy
1 0.5686 nonword accuracy
1 1.3065 nonword accuracy
0 0.9866 nonword accuracy
1 0.8626 nonword accuracy
1 1.0145 nonword accuracy
0 0.5739 nonword accuracy
1 0.4648 nonword accuracy
0 1.2958 nonword accuracy
0 1.0388 nonword accuracy
1 0.6975 nonword accuracy
1 0.7871 nonword accuracy
1 1.1338 nonword accuracy
0 1.1568 nonword accuracy
1 0.6095 nonword accuracy
1 0.632 nonword accuracy
0 1.3826 nonword accuracy
1 0.8787 nonword accuracy
1 0.4809 nonword accuracy
1 0.7007 nonword accuracy
1 1.8557 nonword accuracy
0 0.6156 nonword accuracy
1 0.765 nonword accuracy
0 0.9581 nonword accuracy
1 0.8676 nonword accuracy
0 0.9557 nonword accuracy
0 0.5709 nonword accuracy
1 0.4846 nonword accuracy
0 1.032 nonword accuracy
1 1.0713 nonword accuracy
1 0.8937 nonword accuracy
0 1.0991 nonword accuracy
1 0.6998 nonword accuracy
0 0.4493 nonword accuracy
0 0.7437 nonword accuracy
0 1.1565 nonword accuracy
0 0.5813 nonword accuracy
0 1.3426 nonword accuracy
1 0.5043 nonword accuracy
1 0.5593 nonword accuracy
0 0.8142 nonword accuracy
0 2.16 nonword accuracy
1 0.5748 nonword accuracy
1 0.6606 nonword accuracy
1 0.9952 nonword accuracy
0 1.1974 nonword accuracy
1 0.5339 nonword accuracy
0 1.1283 nonword accuracy
1 0.44 nonword accuracy
0 0.6586 nonword accuracy
0 1.3477 nonword accuracy
0 0.744 nonword accuracy
0 1.0065 nonword accuracy
0 0.5321 nonword accuracy
1 0.6462 nonword accuracy
1 0.5892 nonword accuracy
1 0.5092 nonword accuracy
0 1.0152 nonword accuracy
1 0.8493 nonword accuracy
1 1.0345 nonword accuracy
1 0.5509 nonword accuracy
1 0.6506 nonword accuracy
0 0.5842 nonword accuracy
1 0.8378 nonword accuracy
1 0.6615 nonword accuracy
0 0.6505 nonword accuracy
0 1.2063 nonword accuracy
1 1.9641 nonword accuracy
1 0.9427 nonword accuracy
0 1.4869 nonword accuracy
0 1.567 nonword accuracy
1 1.2011 nonword accuracy
0 0.4703 nonword accuracy
0 1.166 nonword accuracy
1 0.8144 nonword accuracy
1 0.5042 nonword accuracy
0 0.646 nonword accuracy
1 0.5065 nonword accuracy
1 0.8506 nonword accuracy
0 1.1593 nonword accuracy
0 0.3907 nonword accuracy
0 0.4523 nonword accuracy
1 0.7883 nonword accuracy
1 0.7368 nonword accuracy
0 0.7442 nonword accuracy
1 1.4435 nonword accuracy
1 0.646 nonword accuracy
1 1.9154 nonword accuracy
0 1.6701 nonword accuracy
0 0.4809 nonword accuracy
1 0.7459 nonword accuracy
0 0.5602 nonword accuracy
1 1.1584 nonword accuracy
1 1.1038 nonword accuracy
1 0.5113 nonword accuracy
0 0.5888 nonword accuracy
1 1.0241 nonword accuracy
0 0.5081 nonword accuracy
0 1.0318 nonword accuracy
0 2.332 nonword accuracy
1 0.5634 nonword accuracy
1 0.4833 nonword accuracy
0 0.6193 nonword accuracy
1 0.9019 nonword accuracy
1 1.0177 nonword accuracy
0 0.5425 nonword accuracy
1 0.5422 nonword accuracy
0 0.7862 nonword accuracy
1 0.7682 nonword accuracy
1 1.9256 nonword accuracy
0 0.5863 nonword accuracy
1 0.5654 nonword accuracy
1 0.7245 nonword accuracy
1 0.7796 nonword accuracy
0 0.8261 nonword accuracy
0 1.6166 nonword accuracy
0 0.8714 nonword accuracy
1 0.688 nonword accuracy
1 0.5879 nonword accuracy
0 0.9392 nonword accuracy
0 0.4414 nonword accuracy
0 0.5433 nonword accuracy
1 1.44 nonword accuracy
1 0.9047 nonword accuracy
1 0.9581 nonword accuracy
0 1.086 nonword accuracy
0 0.4419 nonword accuracy
0 0.5463 nonword accuracy
1 0.615 nonword accuracy
0 0.4007 nonword accuracy
1 2.4109 nonword accuracy
0 1.3318 nonword accuracy
0 0.6183 nonword accuracy
1 0.7318 nonword accuracy
1 1.3328 nonword accuracy
0 0.4861 nonword accuracy
1 1.0029 nonword accuracy
0 0.6039 nonword accuracy
0 0.8185 nonword accuracy
1 0.4027 nonword accuracy
0 0.6514 nonword accuracy
1 1.4853 nonword accuracy
0 1.0779 nonword accuracy
0 0.644 nonword accuracy
1 0.9994 nonword accuracy
0 0.642 nonword accuracy
1 0.4707 nonword accuracy
1 0.9366 nonword accuracy
1 1.1238 nonword accuracy
1 0.419 nonword accuracy
1 1.0779 nonword accuracy
1 0.8013 nonword accuracy
1 0.9847 nonword accuracy
0 0.4467 nonword accuracy
1 1.3466 nonword accuracy
0 0.7577 nonword accuracy
0 0.6453 nonword accuracy
1 0.6415 nonword accuracy
1 1.2885 nonword accuracy
1 0.4665 nonword accuracy
1 1.6049 nonword accuracy
1 1.4844 nonword accuracy
1 0.9307 nonword accuracy
1 0.4239 nonword accuracy
0 0.7512 nonword accuracy
1 1.2485 nonword accuracy
0 0.4793 nonword accuracy
1 0.5031 nonword accuracy
0 0.7195 nonword accuracy
0 0.635 nonword accuracy
0 0.7815 nonword accuracy
1 1.0372 nonword accuracy
0 1.6611 nonword accuracy
0 1.119 nonword accuracy
1 0.8527 nonword accuracy
1 0.8769 nonword accuracy
